0.000000 -50.470659 -30.020466 -2.627119
0.010000 -49.726049 -29.901207 -2.587491
0.020000 -48.916631 -29.762683 -2.544391
0.030000 -47.954539 -29.578234 -2.493390
0.040000 -46.793753 -29.333273 -2.431962
0.050000 -45.401028 -29.017862 -2.358272
0.060000 -43.757801 -28.627381 -2.271290
0.070000 -41.859520 -28.162167 -2.170748
0.080000 -39.713288 -27.626513 -2.057002
0.090000 -37.334700 -27.027363 -1.930851
0.100000 -34.744581 -26.373023 -1.793345
0.110000 -31.966070 -25.672057 -1.645623
0.120000 -29.022340 -24.932517 -1.488788
0.130000 -25.935096 -24.161542 -1.323824
0.140000 -22.723828 -23.365354 -1.151569
0.150000 -19.405783 -22.549585 -0.972719
0.160000 -15.996491 -21.719897 -0.787873
0.170000 -12.510727 -20.882776 -0.597590
0.180000 -8.963723 -20.046404 -0.402466
0.190000 -5.372489 -19.221493 -0.203205
0.200000 -1.757112 -18.421955 -0.000677
0.210000 1.858104 -17.665134 0.204025
0.220000 5.444037 -16.971185 0.409545
0.230000 8.966568 -16.363019 0.614290
0.240000 12.386679 -15.865524 0.816477
0.250000 15.661205 -15.504092 1.014200
0.260000 18.744280 -15.302658 1.205531
0.270000 21.589429 -15.281405 1.388636
0.280000 24.152163 -15.454356 1.561892
0.290000 26.392877 -15.827145 1.723991
0.300000 28.279877 -16.395339 1.874042
0.310000 29.789816 -17.144232 2.011559
0.320000 30.902701 -18.051220 2.136278
0.330000 31.611080 -19.085714 2.248439
0.340000 31.923253 -20.210617 2.348861
0.350000 31.862508 -21.384854 2.438870
0.360000 31.464992 -22.566173 2.520179
0.370000 30.776519 -23.713972 2.594729
0.380000 29.848714 -24.791913 2.664521
0.390000 28.734850 -25.770124 2.731450
0.400000 27.485699 -26.626834 2.797145
0.410000 26.146071 -27.348928 2.862854
0.420000 24.752469 -27.931007 2.929358
0.430000 23.329293 -28.375952 2.996858
0.440000 21.887645 -28.694055 3.064954
0.450000 20.426019 -28.901204 3.132701
0.460000 18.932242 -29.016677 3.198706
0.470000 17.386465 -29.060695 3.261257
0.480000 15.764972 -29.051960 3.318464
0.490000 14.044640 -29.005319 3.368408
0.500000 12.207849 -28.929759 3.409315
0.510000 10.249376 -28.827324 3.439671
0.520000 8.187113 -28.693585 3.458267
0.530000 6.060362 -28.516435 3.464513
0.540000 3.928386 -28.276802 3.458557
0.550000 1.867981 -27.950626 3.441266
0.560000 -0.031472 -27.511426 3.414134
0.570000 -1.675052 -26.933219 3.379123
0.580000 -2.970766 -26.193523 3.338459
0.590000 -3.838554 -25.276171 3.294398
0.600000 -4.218793 -24.173655 3.248978
0.610000 -4.077784 -22.887797 3.203837
0.620000 -3.407738 -21.427679 3.160127
0.630000 -2.231467 -19.812069 3.118260
0.640000 -0.600884 -18.069030 3.077928
0.650000 1.408824 -16.233725 3.038293
0.660000 3.707101 -14.345555 2.998241
0.670000 6.196977 -12.444939 2.956655
0.680000 8.784113 -10.570066 2.912649
0.690000 11.385036 -8.753941 2.865746
0.700000 13.933859 -7.021998 2.815974
0.710000 16.385484 -5.390264 2.763887
0.720000 18.714024 -3.863934 2.710505
0.730000 20.917960 -2.438315 2.657226
0.740000 23.019197 -1.100115 2.605723
0.750000 25.058635 0.170824 2.557819
0.760000 27.090298 1.399282 2.515363
0.770000 29.174579 2.612110 2.480093
0.780000 31.371102 3.835551 2.453518
0.790000 33.731762 5.092617 2.436804
0.800000 36.294403 6.400709 2.430673
0.810000 39.078352 7.769756 2.435329
0.820000 42.082813 9.201084 2.450402
0.830000 45.282281 10.686157 2.474902
0.840000 48.625458 12.206298 2.507250
0.850000 52.036871 13.733270 2.545333
0.860000 55.420428 15.230624 2.586609
0.870000 58.664987 16.655862 2.628237
0.880000 61.651969 17.963421 2.667244
0.890000 64.265009 19.108492 2.700729
0.900000 66.401441 20.051601 2.726092
0.910000 67.985199 20.763765 2.741290
0.920000 68.980246 21.231883 2.745096
0.930000 69.403170 21.463806 2.737336
0.940000 69.332956 21.492274 2.719076
0.950000 68.915330 21.376687 2.692703
0.960000 68.358569 21.201445 2.661860
0.970000 67.917467 21.069536 2.631179
0.980000 67.862420 21.090143 2.605747
0.990000 68.432972 21.359998 2.590301
1.000000 69.377737 21.777096 2.581129
