0.000000 0.050000 -0.050000 0.000000
0.010000 0.050000 -0.050000 0.000000
0.020000 0.054446 -0.057367 0.003060
0.030000 0.066667 -0.077574 0.011466
0.040000 0.083137 -0.104657 0.022776
0.050000 0.100523 -0.132969 0.034681
0.060000 0.117861 -0.160880 0.046509
0.070000 0.135183 -0.188437 0.058281
0.080000 0.152592 -0.215812 0.070062
0.090000 0.170136 -0.243085 0.081885
0.100000 0.187838 -0.270290 0.093762
0.110000 0.205711 -0.297442 0.105695
0.120000 0.223760 -0.324549 0.117684
0.130000 0.241991 -0.351614 0.129729
0.140000 0.260408 -0.378638 0.141826
0.150000 0.279013 -0.405619 0.153973
0.160000 0.297810 -0.432558 0.166163
0.170000 0.316801 -0.459451 0.178393
0.180000 0.335989 -0.486296 0.190659
0.190000 0.355377 -0.513091 0.202953
0.200000 0.374966 -0.539832 0.215270
0.210000 0.394761 -0.566515 0.227605
0.220000 0.414763 -0.593137 0.239949
0.230000 0.434976 -0.619693 0.252296
0.240000 0.455402 -0.646179 0.264639
0.250000 0.476045 -0.672590 0.276969
0.260000 0.496803 -0.698790 0.289217
0.270000 0.517379 -0.724403 0.301202
0.280000 0.537499 -0.749103 0.312763
0.290000 0.557116 -0.772854 0.323878
0.300000 0.576282 -0.795743 0.334582
0.310000 0.595041 -0.817846 0.344907
0.320000 0.613433 -0.839228 0.354879
0.330000 0.631488 -0.859945 0.364522
0.340000 0.649237 -0.880045 0.373855
0.350000 0.666704 -0.899569 0.382894
0.360000 0.683910 -0.918556 0.391656
0.370000 0.700874 -0.937036 0.400153
0.380000 0.717615 -0.955040 0.408398
0.390000 0.734146 -0.972593 0.416400
0.400000 0.750482 -0.989717 0.424170
0.410000 0.766635 -1.006434 0.431716
0.420000 0.782615 -1.022763 0.439045
0.430000 0.798434 -1.038720 0.446165
0.440000 0.814100 -1.054322 0.453082
0.450000 0.829621 -1.069581 0.459801
0.460000 0.845005 -1.084512 0.466329
0.470000 0.860260 -1.099125 0.472669
0.480000 0.875390 -1.113432 0.478827
0.490000 0.890402 -1.127443 0.484807
0.500000 0.905302 -1.141167 0.490613
0.510000 0.920094 -1.154612 0.496247
0.520000 0.934783 -1.167787 0.501714
0.530000 0.949373 -1.180698 0.507017
0.540000 0.963868 -1.193353 0.512158
0.550000 0.978271 -1.205757 0.517141
0.560000 0.992586 -1.217917 0.521967
0.570000 1.006815 -1.229837 0.526640
0.580000 1.020961 -1.241524 0.531162
0.590000 1.035027 -1.252981 0.535534
0.600000 1.049015 -1.264212 0.539759
0.610000 1.062926 -1.275223 0.543839
0.620000 1.076764 -1.286016 0.547776
0.630000 1.090530 -1.296596 0.551571
0.640000 1.104225 -1.306965 0.555227
0.650000 1.117850 -1.317127 0.558745
0.660000 1.131408 -1.327085 0.562126
0.670000 1.144898 -1.336840 0.565373
0.680000 1.158322 -1.346396 0.568486
0.690000 1.171681 -1.355756 0.571467
0.700000 1.184976 -1.364920 0.574318
0.710000 1.198207 -1.373892 0.577041
0.720000 1.211374 -1.382672 0.579635
0.730000 1.224479 -1.391264 0.582103
0.740000 1.237521 -1.399668 0.584447
0.750000 1.250500 -1.407886 0.586666
0.760000 1.263353 -1.415879 0.588754
0.770000 1.275887 -1.423535 0.590682
0.780000 1.287913 -1.430747 0.592430
0.790000 1.299374 -1.437497 0.594003
0.800000 1.310276 -1.443804 0.595412
0.810000 1.320625 -1.449688 0.596672
0.820000 1.330427 -1.455168 0.597795
0.830000 1.339689 -1.460262 0.598794
0.840000 1.348416 -1.464987 0.599678
0.850000 1.356614 -1.469357 0.600458
0.860000 1.364287 -1.473389 0.601144
0.870000 1.371441 -1.477095 0.601746
0.880000 1.378081 -1.480488 0.602270
0.890000 1.384209 -1.483581 0.602725
0.900000 1.389832 -1.486385 0.603118
0.910000 1.394951 -1.488910 0.603455
0.920000 1.399572 -1.491165 0.603742
0.930000 1.403698 -1.493160 0.603985
0.940000 1.407330 -1.494900 0.604187
0.950000 1.410473 -1.496394 0.604354
0.960000 1.413127 -1.497648 0.604489
0.970000 1.415296 -1.498666 0.604595
0.980000 1.416981 -1.499453 0.604674
0.990000 1.418184 -1.500013 0.604729
1.000000 1.418905 -1.500347 0.604762
