0.000000 80.000000 0.000000 0.000000
0.010000 79.992000 0.008000 0.000140
0.020000 79.968000 0.032000 0.000559
0.030000 79.928000 0.072000 0.001257
0.040000 79.872000 0.128000 0.002234
0.050000 79.800000 0.200000 0.003491
0.060000 79.712000 0.288000 0.005027
0.070000 79.608000 0.392000 0.006842
0.080000 79.488000 0.512000 0.008936
0.090000 79.352000 0.648000 0.011310
0.100000 79.200000 0.800000 0.013963
0.110000 79.032000 0.968000 0.016895
0.120000 78.848000 1.152000 0.020106
0.130000 78.648000 1.352000 0.023597
0.140000 78.432000 1.568000 0.027367
0.150000 78.200000 1.800000 0.031416
0.160000 77.952000 2.048000 0.035744
0.170000 77.688000 2.312000 0.040352
0.180000 77.408000 2.592000 0.045239
0.190000 77.112000 2.888000 0.050405
0.200000 76.800000 3.200000 0.055851
0.210000 76.472000 3.528000 0.061575
0.220000 76.128000 3.872000 0.067579
0.230000 75.768000 4.232000 0.073862
0.240000 75.392000 4.608000 0.080425
0.250000 75.000000 5.000000 0.087266
0.260000 74.600000 5.400000 0.094248
0.270000 74.200000 5.800000 0.101229
0.280000 73.800000 6.200000 0.108210
0.290000 73.400000 6.600000 0.115192
0.300000 73.000000 7.000000 0.122173
0.310000 72.600000 7.400000 0.129154
0.320000 72.200000 7.800000 0.136136
0.330000 71.800000 8.200000 0.143117
0.340000 71.400000 8.600000 0.150098
0.350000 71.000000 9.000000 0.157080
0.360000 70.600000 9.400000 0.164061
0.370000 70.200000 9.800000 0.171042
0.380000 69.800000 10.200000 0.178024
0.390000 69.400000 10.600000 0.185005
0.400000 69.000000 11.000000 0.191986
0.410000 68.600000 11.400000 0.198968
0.420000 68.200000 11.800000 0.205949
0.430000 67.800000 12.200000 0.212930
0.440000 67.400000 12.600000 0.219911
0.450000 67.000000 13.000000 0.226893
0.460000 66.600000 13.400000 0.233874
0.470000 66.200000 13.800000 0.240855
0.480000 65.800000 14.200000 0.247837
0.490000 65.400000 14.600000 0.254818
0.500000 65.000000 15.000000 0.261799
0.510000 64.600000 15.400000 0.268781
0.520000 64.200000 15.800000 0.275762
0.530000 63.800000 16.200000 0.282743
0.540000 63.400000 16.600000 0.289725
0.550000 63.000000 17.000000 0.296706
0.560000 62.600000 17.400000 0.303687
0.570000 62.200000 17.800000 0.310669
0.580000 61.800000 18.200000 0.317650
0.590000 61.400000 18.600000 0.324631
0.600000 61.000000 19.000000 0.331613
0.610000 60.600000 19.400000 0.338594
0.620000 60.200000 19.800000 0.345575
0.630000 59.800000 20.200000 0.352557
0.640000 59.400000 20.600000 0.359538
0.650000 59.000000 21.000000 0.366519
0.660000 58.600000 21.400000 0.373500
0.670000 58.200000 21.800000 0.380482
0.680000 57.800000 22.200000 0.387463
0.690000 57.400000 22.600000 0.394444
0.700000 57.000000 23.000000 0.401426
0.710000 56.600000 23.400000 0.408407
0.720000 56.200000 23.800000 0.415388
0.730000 55.800000 24.200000 0.422370
0.740000 55.400000 24.600000 0.429351
0.750000 55.000000 25.000000 0.436332
0.760000 54.608000 25.392000 0.443174
0.770000 54.232000 25.768000 0.449736
0.780000 53.872000 26.128000 0.456020
0.790000 53.528000 26.472000 0.462024
0.800000 53.200000 26.800000 0.467748
0.810000 52.888000 27.112000 0.473194
0.820000 52.592000 27.408000 0.478360
0.830000 52.312000 27.688000 0.483247
0.840000 52.048000 27.952000 0.487854
0.850000 51.800000 28.200000 0.492183
0.860000 51.568000 28.432000 0.496232
0.870000 51.352000 28.648000 0.500002
0.880000 51.152000 28.848000 0.503493
0.890000 50.968000 29.032000 0.506704
0.900000 50.800000 29.200000 0.509636
0.910000 50.648000 29.352000 0.512289
0.920000 50.512000 29.488000 0.514663
0.930000 50.392000 29.608000 0.516757
0.940000 50.288000 29.712000 0.518572
0.950000 50.200000 29.800000 0.520108
0.960000 50.128000 29.872000 0.521365
0.970000 50.072000 29.928000 0.522342
0.980000 50.032000 29.968000 0.523040
0.990000 50.008000 29.992000 0.523459
1.000000 50.000000 30.000000 0.523599
